{
 "cells": [
  {
   "cell_type": "code",
   "execution_count": 5,
   "id": "a4d172aa",
   "metadata": {},
   "outputs": [],
   "source": [
    "import json\n",
    "\n",
    "triplets = json.load(open(\"triplets.json\", \"r\"))"
   ]
  },
  {
   "cell_type": "code",
   "execution_count": 6,
   "id": "69790e51",
   "metadata": {},
   "outputs": [
    {
     "data": {
      "text/plain": [
       "358"
      ]
     },
     "execution_count": 6,
     "metadata": {},
     "output_type": "execute_result"
    }
   ],
   "source": [
    "len(triplets)"
   ]
  },
  {
   "cell_type": "code",
   "execution_count": 32,
   "id": "8eb6a979",
   "metadata": {},
   "outputs": [
    {
     "data": {
      "text/plain": [
       "True"
      ]
     },
     "execution_count": 32,
     "metadata": {},
     "output_type": "execute_result"
    }
   ],
   "source": [
    "[3,4,5] in triplets"
   ]
  },
  {
   "cell_type": "code",
   "execution_count": 33,
   "id": "930cbbee",
   "metadata": {},
   "outputs": [
    {
     "data": {
      "text/plain": [
       "[[888, 259, 925.0],\n",
       " [135, 72, 153.0],\n",
       " [210, 200, 290.0],\n",
       " [375, 200, 425.0],\n",
       " [510, 272, 578.0],\n",
       " [188, 141, 235.0],\n",
       " [490, 168, 518.0],\n",
       " [75, 100, 125.0],\n",
       " [33, 180, 183.0],\n",
       " [372, 279, 465.0],\n",
       " [980, 336, 1036.0],\n",
       " [556, 417, 695.0],\n",
       " [552, 736, 920.0],\n",
       " [943, 576, 1105.0],\n",
       " [96, 247, 265.0],\n",
       " [69, 92, 115.0],\n",
       " [135, 324, 351.0],\n",
       " [915, 488, 1037.0],\n",
       " [560, 588, 812.0],\n",
       " [420, 400, 580.0],\n",
       " [396, 80, 404.0],\n",
       " [121, 660, 671.0],\n",
       " [171, 760, 779.0],\n",
       " [72, 54, 90.0],\n",
       " [918, 440, 1018.0],\n",
       " [117, 44, 125.0],\n",
       " [300, 455, 545.0],\n",
       " [256, 192, 320.0],\n",
       " [285, 684, 741.0],\n",
       " [170, 264, 314.0],\n",
       " [952, 186, 970.0],\n",
       " [328, 615, 697.0],\n",
       " [513, 420, 663.0],\n",
       " [440, 330, 550.0],\n",
       " [351, 132, 375.0],\n",
       " [989, 660, 1189.0],\n",
       " [114, 152, 190.0],\n",
       " [160, 792, 808.0],\n",
       " [360, 675, 765.0],\n",
       " [417, 556, 695.0],\n",
       " [585, 220, 625.0],\n",
       " [40, 30, 50.0],\n",
       " [330, 440, 550.0],\n",
       " [320, 462, 562.0],\n",
       " [720, 300, 780.0],\n",
       " [450, 544, 706.0],\n",
       " [224, 168, 280.0],\n",
       " [42, 144, 150.0],\n",
       " [608, 105, 617.0],\n",
       " [316, 237, 395.0],\n",
       " [525, 92, 533.0],\n",
       " [20, 21, 29.0],\n",
       " [720, 825, 1095.0],\n",
       " [500, 375, 625.0],\n",
       " [549, 732, 915.0],\n",
       " [480, 476, 676.0],\n",
       " [380, 261, 461.0],\n",
       " [96, 128, 160.0],\n",
       " [165, 396, 429.0],\n",
       " [462, 616, 770.0],\n",
       " [112, 210, 238.0],\n",
       " [282, 376, 470.0],\n",
       " [195, 104, 221.0],\n",
       " [152, 345, 377.0],\n",
       " [336, 320, 464.0],\n",
       " [912, 891, 1275.0],\n",
       " [168, 315, 357.0],\n",
       " [324, 135, 351.0],\n",
       " [192, 220, 292.0],\n",
       " [4, 3, 5.0],\n",
       " [442, 120, 458.0],\n",
       " [315, 420, 525.0],\n",
       " [72, 135, 153.0],\n",
       " [55, 132, 143.0],\n",
       " [539, 252, 595.0],\n",
       " [520, 975, 1105.0],\n",
       " [900, 480, 1020.0],\n",
       " [203, 396, 445.0],\n",
       " [323, 36, 325.0],\n",
       " [777, 740, 1073.0],\n",
       " [560, 273, 623.0],\n",
       " [897, 540, 1047.0],\n",
       " [40, 399, 401.0],\n",
       " [620, 861, 1061.0],\n",
       " [864, 780, 1164.0],\n",
       " [495, 156, 519.0],\n",
       " [630, 840, 1050.0],\n",
       " [528, 605, 803.0],\n",
       " [48, 189, 195.0],\n",
       " [93, 476, 485.0],\n",
       " [64, 252, 260.0],\n",
       " [58, 840, 842.0],\n",
       " [663, 884, 1105.0],\n",
       " [864, 252, 900.0],\n",
       " [168, 126, 210.0],\n",
       " [532, 165, 557.0],\n",
       " [935, 420, 1025.0],\n",
       " [240, 418, 482.0],\n",
       " [352, 264, 440.0],\n",
       " [816, 340, 884.0],\n",
       " [272, 510, 578.0],\n",
       " [84, 288, 300.0],\n",
       " [960, 62, 962.0],\n",
       " [496, 930, 1054.0],\n",
       " [124, 93, 155.0],\n",
       " [840, 704, 1096.0],\n",
       " [153, 104, 185.0],\n",
       " [966, 920, 1334.0],\n",
       " [36, 105, 111.0],\n",
       " [200, 480, 520.0],\n",
       " [532, 624, 820.0],\n",
       " [975, 448, 1073.0],\n",
       " [522, 760, 922.0],\n",
       " [828, 621, 1035.0],\n",
       " [855, 204, 879.0],\n",
       " [192, 256, 320.0],\n",
       " [144, 60, 156.0],\n",
       " [858, 920, 1258.0],\n",
       " [988, 384, 1060.0],\n",
       " [273, 736, 785.0],\n",
       " [132, 99, 165.0],\n",
       " [420, 175, 455.0],\n",
       " [99, 440, 451.0],\n",
       " [960, 468, 1068.0],\n",
       " [693, 660, 957.0],\n",
       " [96, 280, 296.0],\n",
       " [72, 154, 170.0],\n",
       " [312, 266, 410.0],\n",
       " [352, 114, 370.0],\n",
       " [608, 456, 760.0],\n",
       " [272, 204, 340.0],\n",
       " [528, 630, 822.0],\n",
       " [945, 248, 977.0],\n",
       " [156, 667, 685.0],\n",
       " [135, 84, 159.0],\n",
       " [420, 144, 444.0],\n",
       " [252, 735, 777.0],\n",
       " [171, 528, 555.0],\n",
       " [208, 156, 260.0],\n",
       " [90, 120, 150.0],\n",
       " [720, 384, 816.0],\n",
       " [480, 504, 696.0],\n",
       " [140, 693, 707.0],\n",
       " [996, 415, 1079.0],\n",
       " [91, 312, 325.0],\n",
       " [252, 39, 255.0],\n",
       " [3, 4, 5.0],\n",
       " [480, 88, 488.0],\n",
       " [780, 207, 807.0],\n",
       " [806, 792, 1130.0],\n",
       " [360, 81, 369.0],\n",
       " [24, 143, 145.0],\n",
       " [100, 621, 629.0],\n",
       " [576, 350, 674.0],\n",
       " [320, 768, 832.0],\n",
       " [252, 189, 315.0],\n",
       " [90, 56, 106.0],\n",
       " [222, 296, 370.0],\n",
       " [225, 120, 255.0],\n",
       " [240, 44, 244.0],\n",
       " [406, 792, 890.0],\n",
       " [525, 700, 875.0],\n",
       " [216, 960, 984.0],\n",
       " [600, 250, 650.0],\n",
       " [595, 924, 1099.0],\n",
       " [672, 770, 1022.0],\n",
       " [969, 108, 975.0],\n",
       " [240, 100, 260.0],\n",
       " [438, 584, 730.0],\n",
       " [35, 120, 125.0],\n",
       " [351, 280, 449.0],\n",
       " [912, 684, 1140.0],\n",
       " [462, 320, 562.0],\n",
       " [621, 100, 629.0],\n",
       " [650, 720, 970.0],\n",
       " [390, 56, 394.0],\n",
       " [65, 72, 97.0],\n",
       " [44, 483, 485.0],\n",
       " [76, 357, 365.0],\n",
       " [368, 465, 593.0],\n",
       " [105, 88, 137.0],\n",
       " [184, 513, 545.0],\n",
       " [224, 30, 226.0],\n",
       " [833, 840, 1183.0],\n",
       " [204, 272, 340.0],\n",
       " [910, 600, 1090.0],\n",
       " [570, 760, 950.0],\n",
       " [252, 275, 373.0],\n",
       " [210, 416, 466.0],\n",
       " [637, 420, 763.0],\n",
       " [780, 112, 788.0],\n",
       " [303, 404, 505.0],\n",
       " [423, 564, 705.0],\n",
       " [336, 252, 420.0],\n",
       " [840, 475, 965.0],\n",
       " [315, 988, 1037.0],\n",
       " [27, 364, 365.0],\n",
       " [161, 552, 575.0],\n",
       " [279, 440, 521.0],\n",
       " [520, 390, 650.0],\n",
       " [90, 216, 234.0],\n",
       " [336, 448, 560.0],\n",
       " [31, 480, 481.0],\n",
       " [352, 660, 748.0],\n",
       " [520, 546, 754.0],\n",
       " [292, 219, 365.0],\n",
       " [207, 920, 943.0],\n",
       " [20, 99, 101.0],\n",
       " [476, 357, 595.0],\n",
       " [385, 180, 425.0],\n",
       " [288, 34, 290.0],\n",
       " [476, 93, 485.0],\n",
       " [552, 986, 1130.0],\n",
       " [156, 455, 481.0],\n",
       " [660, 495, 825.0],\n",
       " [240, 576, 624.0],\n",
       " [738, 984, 1230.0],\n",
       " [460, 483, 667.0],\n",
       " [728, 429, 845.0],\n",
       " [792, 231, 825.0],\n",
       " [680, 714, 986.0],\n",
       " [651, 868, 1085.0],\n",
       " [936, 702, 1170.0],\n",
       " [456, 650, 794.0],\n",
       " [546, 728, 910.0],\n",
       " [660, 989, 1189.0],\n",
       " [780, 864, 1164.0],\n",
       " [310, 936, 986.0],\n",
       " [372, 925, 997.0],\n",
       " [45, 24, 51.0],\n",
       " [8, 15, 17.0],\n",
       " [440, 99, 451.0],\n",
       " [75, 936, 939.0],\n",
       " [540, 897, 1047.0],\n",
       " [996, 747, 1245.0],\n",
       " [408, 506, 650.0],\n",
       " [333, 644, 725.0],\n",
       " [360, 270, 450.0],\n",
       " [297, 504, 585.0],\n",
       " [678, 904, 1130.0],\n",
       " [308, 819, 875.0],\n",
       " [544, 408, 680.0],\n",
       " [615, 328, 697.0],\n",
       " [735, 616, 959.0],\n",
       " [112, 66, 130.0],\n",
       " [825, 720, 1095.0],\n",
       " [104, 672, 680.0],\n",
       " [360, 627, 723.0],\n",
       " [591, 788, 985.0],\n",
       " [210, 504, 546.0],\n",
       " [876, 365, 949.0],\n",
       " [196, 315, 371.0],\n",
       " [168, 576, 600.0],\n",
       " [516, 215, 559.0],\n",
       " [330, 560, 650.0],\n",
       " [144, 108, 180.0],\n",
       " [217, 744, 775.0],\n",
       " [920, 207, 943.0],\n",
       " [987, 884, 1325.0],\n",
       " [621, 672, 915.0],\n",
       " [66, 88, 110.0],\n",
       " [420, 315, 525.0],\n",
       " [360, 864, 936.0],\n",
       " [10, 24, 26.0],\n",
       " [48, 575, 577.0],\n",
       " [100, 75, 125.0],\n",
       " [231, 220, 319.0],\n",
       " [604, 453, 755.0],\n",
       " [600, 481, 769.0],\n",
       " [315, 572, 653.0],\n",
       " [385, 552, 673.0],\n",
       " [284, 213, 355.0],\n",
       " [488, 915, 1037.0],\n",
       " [788, 591, 985.0],\n",
       " [468, 351, 585.0],\n",
       " [102, 864, 870.0],\n",
       " [130, 840, 850.0],\n",
       " [120, 50, 130.0],\n",
       " [315, 624, 699.0],\n",
       " [560, 420, 700.0],\n",
       " [198, 264, 330.0],\n",
       " [192, 494, 530.0],\n",
       " [840, 154, 854.0],\n",
       " [459, 312, 555.0],\n",
       " [133, 456, 475.0],\n",
       " [273, 136, 305.0],\n",
       " [108, 81, 135.0],\n",
       " [644, 333, 725.0],\n",
       " [111, 148, 185.0],\n",
       " [720, 756, 1044.0],\n",
       " [161, 240, 289.0],\n",
       " [700, 429, 821.0],\n",
       " [46, 528, 530.0],\n",
       " [189, 48, 195.0],\n",
       " [377, 336, 505.0],\n",
       " [414, 552, 690.0],\n",
       " [84, 437, 445.0],\n",
       " [54, 728, 730.0],\n",
       " [396, 403, 565.0],\n",
       " [874, 168, 890.0],\n",
       " [864, 102, 870.0],\n",
       " [784, 105, 791.0],\n",
       " [540, 57, 543.0],\n",
       " [312, 990, 1038.0],\n",
       " [960, 799, 1249.0],\n",
       " [243, 324, 405.0],\n",
       " [117, 240, 267.0],\n",
       " [414, 448, 610.0],\n",
       " [650, 456, 794.0],\n",
       " [696, 290, 754.0],\n",
       " [315, 80, 325.0],\n",
       " [580, 741, 941.0],\n",
       " [63, 216, 225.0],\n",
       " [80, 150, 170.0],\n",
       " [972, 405, 1053.0],\n",
       " [459, 612, 765.0],\n",
       " [51, 68, 85.0],\n",
       " [259, 888, 925.0],\n",
       " [255, 396, 471.0],\n",
       " [704, 840, 1096.0],\n",
       " [336, 540, 636.0],\n",
       " [135, 600, 615.0],\n",
       " [147, 140, 203.0],\n",
       " [354, 472, 590.0],\n",
       " [468, 399, 615.0],\n",
       " [720, 483, 867.0],\n",
       " [84, 880, 884.0],\n",
       " [570, 304, 646.0],\n",
       " [832, 855, 1193.0],\n",
       " [736, 930, 1186.0],\n",
       " [228, 171, 285.0],\n",
       " [216, 462, 510.0],\n",
       " [748, 195, 773.0],\n",
       " [744, 217, 775.0],\n",
       " [504, 147, 525.0],\n",
       " [412, 309, 515.0],\n",
       " [300, 125, 325.0],\n",
       " [596, 447, 745.0],\n",
       " [836, 480, 964.0],\n",
       " [576, 240, 624.0],\n",
       " [688, 516, 860.0],\n",
       " [798, 760, 1102.0],\n",
       " [200, 609, 641.0],\n",
       " [368, 276, 460.0],\n",
       " [252, 539, 595.0],\n",
       " [236, 177, 295.0],\n",
       " [120, 594, 606.0],\n",
       " [219, 292, 365.0],\n",
       " [528, 220, 572.0],\n",
       " [88, 105, 137.0],\n",
       " [465, 248, 527.0],\n",
       " [408, 765, 867.0],\n",
       " [884, 240, 916.0],\n",
       " [325, 780, 845.0],\n",
       " [84, 13, 85.0],\n",
       " [720, 714, 1014.0],\n",
       " [932, 699, 1165.0],\n",
       " [840, 130, 850.0],\n",
       " [585, 312, 663.0],\n",
       " [230, 552, 598.0],\n",
       " [264, 23, 265.0],\n",
       " [987, 940, 1363.0],\n",
       " [132, 55, 143.0],\n",
       " [264, 352, 440.0],\n",
       " [9, 40, 41.0],\n",
       " [266, 912, 950.0],\n",
       " [360, 770, 850.0],\n",
       " [720, 650, 970.0],\n",
       " [546, 360, 654.0],\n",
       " [567, 756, 945.0],\n",
       " [136, 570, 586.0],\n",
       " [765, 476, 901.0],\n",
       " [945, 792, 1233.0],\n",
       " [80, 60, 100.0],\n",
       " [798, 80, 802.0],\n",
       " [216, 405, 459.0],\n",
       " [280, 759, 809.0],\n",
       " [208, 819, 845.0],\n",
       " [356, 267, 445.0],\n",
       " [408, 145, 433.0],\n",
       " [528, 340, 628.0],\n",
       " [69, 792, 795.0],\n",
       " [616, 150, 634.0],\n",
       " [540, 405, 675.0],\n",
       " [248, 465, 527.0],\n",
       " [396, 165, 429.0],\n",
       " [699, 932, 1165.0],\n",
       " [660, 208, 692.0],\n",
       " [210, 720, 750.0],\n",
       " [196, 672, 700.0],\n",
       " [80, 396, 404.0],\n",
       " [720, 448, 848.0],\n",
       " [612, 816, 1020.0],\n",
       " [496, 372, 620.0],\n",
       " [680, 510, 850.0],\n",
       " [129, 172, 215.0],\n",
       " [165, 144, 219.0],\n",
       " [44, 33, 55.0],\n",
       " [682, 840, 1082.0],\n",
       " [624, 260, 676.0],\n",
       " [465, 620, 775.0],\n",
       " [896, 528, 1040.0],\n",
       " [87, 116, 145.0],\n",
       " [312, 25, 313.0],\n",
       " [990, 200, 1010.0],\n",
       " [798, 936, 1230.0],\n",
       " [585, 648, 873.0],\n",
       " [714, 680, 986.0],\n",
       " [935, 816, 1241.0],\n",
       " [600, 595, 845.0],\n",
       " [184, 138, 230.0],\n",
       " [300, 720, 780.0],\n",
       " [550, 480, 730.0],\n",
       " [234, 88, 250.0],\n",
       " [520, 576, 776.0],\n",
       " [945, 240, 975.0],\n",
       " [228, 95, 247.0],\n",
       " [468, 176, 500.0],\n",
       " [598, 360, 698.0],\n",
       " [312, 459, 555.0],\n",
       " [630, 216, 666.0],\n",
       " [280, 165, 325.0],\n",
       " [495, 432, 657.0],\n",
       " [380, 672, 772.0],\n",
       " [952, 960, 1352.0],\n",
       " [576, 943, 1105.0],\n",
       " [45, 336, 339.0],\n",
       " [27, 36, 45.0],\n",
       " [336, 385, 511.0],\n",
       " [105, 784, 791.0],\n",
       " [88, 480, 488.0],\n",
       " [580, 609, 841.0],\n",
       " [667, 156, 685.0],\n",
       " [580, 435, 725.0],\n",
       " [77, 264, 275.0],\n",
       " [164, 123, 205.0],\n",
       " [288, 175, 337.0],\n",
       " [764, 573, 955.0],\n",
       " [495, 952, 1073.0],\n",
       " [238, 816, 850.0],\n",
       " [216, 630, 666.0],\n",
       " [154, 72, 170.0],\n",
       " [312, 910, 962.0],\n",
       " [342, 456, 570.0],\n",
       " [364, 585, 689.0],\n",
       " [72, 96, 120.0],\n",
       " [285, 504, 579.0],\n",
       " [117, 520, 533.0],\n",
       " [891, 180, 909.0],\n",
       " [176, 960, 976.0],\n",
       " [375, 500, 625.0],\n",
       " [432, 126, 450.0],\n",
       " [160, 231, 281.0],\n",
       " [520, 765, 925.0],\n",
       " [697, 696, 985.0],\n",
       " [399, 468, 615.0],\n",
       " [70, 168, 182.0],\n",
       " [816, 935, 1241.0],\n",
       " [333, 444, 555.0],\n",
       " [28, 195, 197.0],\n",
       " [540, 99, 549.0],\n",
       " [648, 486, 810.0],\n",
       " [924, 43, 925.0],\n",
       " [660, 63, 663.0],\n",
       " [672, 280, 728.0],\n",
       " [40, 42, 58.0],\n",
       " [260, 651, 701.0],\n",
       " [220, 528, 572.0],\n",
       " [16, 30, 34.0],\n",
       " [189, 340, 389.0],\n",
       " [240, 450, 510.0],\n",
       " [248, 186, 310.0],\n",
       " [984, 287, 1025.0],\n",
       " [240, 320, 400.0],\n",
       " [308, 144, 340.0],\n",
       " [723, 964, 1205.0],\n",
       " [780, 731, 1069.0],\n",
       " [144, 567, 585.0],\n",
       " [543, 724, 905.0],\n",
       " [576, 68, 580.0],\n",
       " [500, 525, 725.0],\n",
       " [651, 260, 701.0],\n",
       " [388, 291, 485.0],\n",
       " [892, 669, 1115.0],\n",
       " [494, 192, 530.0],\n",
       " [620, 651, 899.0],\n",
       " [664, 498, 830.0],\n",
       " [105, 608, 617.0],\n",
       " [217, 456, 505.0],\n",
       " [675, 900, 1125.0],\n",
       " [848, 636, 1060.0],\n",
       " [672, 754, 1010.0],\n",
       " [588, 784, 980.0],\n",
       " [456, 217, 505.0],\n",
       " [143, 24, 145.0],\n",
       " [364, 27, 365.0],\n",
       " [180, 273, 327.0],\n",
       " [60, 11, 61.0],\n",
       " [560, 75, 565.0],\n",
       " [63, 84, 105.0],\n",
       " [288, 260, 388.0],\n",
       " [400, 750, 850.0],\n",
       " [434, 912, 1010.0],\n",
       " [960, 176, 976.0],\n",
       " [340, 816, 884.0],\n",
       " [252, 240, 348.0],\n",
       " [720, 960, 1200.0],\n",
       " [924, 385, 1001.0],\n",
       " [232, 825, 857.0],\n",
       " [782, 240, 818.0],\n",
       " [150, 200, 250.0],\n",
       " [198, 40, 202.0],\n",
       " [825, 440, 935.0],\n",
       " [819, 308, 875.0],\n",
       " [960, 512, 1088.0],\n",
       " [148, 111, 185.0],\n",
       " [486, 648, 810.0],\n",
       " [468, 960, 1068.0],\n",
       " [57, 540, 543.0],\n",
       " [108, 144, 180.0],\n",
       " [759, 280, 809.0],\n",
       " [332, 249, 415.0],\n",
       " [429, 72, 435.0],\n",
       " [336, 377, 505.0],\n",
       " [516, 387, 645.0],\n",
       " [276, 493, 565.0],\n",
       " [432, 810, 918.0],\n",
       " [336, 198, 390.0],\n",
       " [924, 640, 1124.0],\n",
       " [540, 567, 783.0],\n",
       " [288, 330, 438.0],\n",
       " [684, 285, 741.0],\n",
       " [90, 48, 102.0],\n",
       " [330, 176, 374.0],\n",
       " [472, 354, 590.0],\n",
       " [585, 780, 975.0],\n",
       " [615, 728, 953.0],\n",
       " [976, 732, 1220.0],\n",
       " [896, 828, 1220.0],\n",
       " [144, 270, 306.0],\n",
       " [656, 492, 820.0],\n",
       " [720, 85, 725.0],\n",
       " [736, 273, 785.0],\n",
       " [779, 660, 1021.0],\n",
       " [451, 780, 901.0],\n",
       " [135, 180, 225.0],\n",
       " [810, 504, 954.0],\n",
       " [840, 630, 1050.0],\n",
       " [384, 112, 400.0],\n",
       " [108, 725, 733.0],\n",
       " [318, 424, 530.0],\n",
       " [119, 408, 425.0],\n",
       " [351, 720, 801.0],\n",
       " [48, 64, 80.0],\n",
       " [105, 360, 375.0],\n",
       " [204, 855, 879.0],\n",
       " [882, 840, 1218.0],\n",
       " [168, 160, 232.0],\n",
       " [550, 504, 746.0],\n",
       " [108, 480, 492.0],\n",
       " [63, 60, 87.0],\n",
       " [450, 600, 750.0],\n",
       " [493, 276, 565.0],\n",
       " [425, 168, 457.0],\n",
       " [240, 128, 272.0],\n",
       " [363, 484, 605.0],\n",
       " [476, 765, 901.0],\n",
       " [864, 473, 985.0],\n",
       " [936, 273, 975.0],\n",
       " [483, 644, 805.0],\n",
       " [96, 28, 100.0],\n",
       " [60, 448, 452.0],\n",
       " [49, 168, 175.0],\n",
       " [360, 224, 424.0],\n",
       " [144, 858, 870.0],\n",
       " [900, 165, 915.0],\n",
       " [396, 528, 660.0],\n",
       " [840, 58, 842.0],\n",
       " [468, 595, 757.0],\n",
       " [582, 776, 970.0],\n",
       " [140, 105, 175.0],\n",
       " [305, 732, 793.0],\n",
       " [255, 136, 289.0],\n",
       " [644, 483, 805.0],\n",
       " [528, 46, 530.0],\n",
       " [264, 702, 750.0],\n",
       " [510, 64, 514.0],\n",
       " [324, 243, 405.0],\n",
       " [245, 84, 259.0],\n",
       " [615, 820, 1025.0],\n",
       " [240, 700, 740.0],\n",
       " [315, 196, 371.0],\n",
       " [600, 450, 750.0],\n",
       " [528, 704, 880.0],\n",
       " [780, 325, 845.0],\n",
       " [816, 238, 850.0],\n",
       " [348, 464, 580.0],\n",
       " [675, 420, 795.0],\n",
       " [784, 588, 980.0],\n",
       " [105, 252, 273.0],\n",
       " [720, 76, 724.0],\n",
       " [105, 100, 145.0],\n",
       " [126, 432, 450.0],\n",
       " [480, 836, 964.0],\n",
       " [968, 726, 1210.0],\n",
       " [195, 468, 507.0],\n",
       " [696, 697, 985.0],\n",
       " [261, 348, 435.0],\n",
       " [225, 1000, 1025.0],\n",
       " [216, 713, 745.0],\n",
       " [150, 80, 170.0],\n",
       " [740, 777, 1073.0],\n",
       " [288, 216, 360.0],\n",
       " [270, 168, 318.0],\n",
       " [260, 69, 269.0],\n",
       " [220, 459, 509.0],\n",
       " [36, 323, 325.0],\n",
       " [384, 160, 416.0],\n",
       " [396, 203, 445.0],\n",
       " [630, 392, 742.0],\n",
       " [817, 744, 1105.0],\n",
       " [980, 357, 1043.0],\n",
       " [510, 792, 942.0],\n",
       " [759, 612, 975.0],\n",
       " [88, 966, 970.0],\n",
       " [24, 10, 26.0],\n",
       " [21, 220, 221.0],\n",
       " [396, 672, 780.0],\n",
       " [696, 928, 1160.0],\n",
       " [855, 456, 969.0],\n",
       " [420, 77, 427.0],\n",
       " [228, 704, 740.0],\n",
       " [432, 390, 582.0],\n",
       " [32, 255, 257.0],\n",
       " [252, 864, 900.0],\n",
       " [496, 897, 1025.0],\n",
       " [75, 180, 195.0],\n",
       " [70, 24, 74.0],\n",
       " [225, 140, 265.0],\n",
       " [287, 816, 865.0],\n",
       " [136, 255, 289.0],\n",
       " [585, 364, 689.0],\n",
       " [268, 201, 335.0],\n",
       " [336, 45, 339.0],\n",
       " [452, 339, 565.0],\n",
       " [735, 700, 1015.0],\n",
       " [299, 180, 349.0],\n",
       " [780, 665, 1025.0],\n",
       " [21, 20, 29.0],\n",
       " [225, 540, 585.0],\n",
       " [308, 435, 533.0],\n",
       " [336, 98, 350.0],\n",
       " [315, 756, 819.0],\n",
       " [728, 546, 910.0],\n",
       " [636, 848, 1060.0],\n",
       " [936, 845, 1261.0],\n",
       " [258, 344, 430.0],\n",
       " [80, 18, 82.0],\n",
       " [21, 72, 75.0],\n",
       " [234, 480, 534.0],\n",
       " [408, 306, 510.0],\n",
       " [408, 819, 915.0],\n",
       " [182, 624, 650.0],\n",
       " [765, 408, 867.0],\n",
       " [112, 15, 113.0],\n",
       " [594, 792, 990.0],\n",
       " [171, 228, 285.0],\n",
       " [645, 812, 1037.0],\n",
       " [180, 800, 820.0],\n",
       " [224, 207, 305.0],\n",
       " [48, 55, 73.0],\n",
       " [520, 138, 538.0],\n",
       " [945, 324, 999.0],\n",
       " [868, 651, 1085.0],\n",
       " [357, 76, 365.0],\n",
       " [144, 420, 444.0],\n",
       " [207, 780, 807.0],\n",
       " [624, 315, 699.0],\n",
       " [24, 32, 40.0],\n",
       " [924, 880, 1276.0],\n",
       " [828, 896, 1220.0],\n",
       " [252, 115, 277.0],\n",
       " [230, 504, 554.0],\n",
       " [819, 780, 1131.0],\n",
       " [100, 105, 145.0],\n",
       " [123, 164, 205.0],\n",
       " [296, 555, 629.0],\n",
       " [345, 152, 377.0],\n",
       " [606, 808, 1010.0],\n",
       " [98, 336, 350.0],\n",
       " [16, 12, 20.0],\n",
       " [156, 208, 260.0],\n",
       " [748, 336, 820.0],\n",
       " [572, 555, 797.0],\n",
       " [651, 620, 899.0],\n",
       " [840, 288, 888.0],\n",
       " [840, 882, 1218.0],\n",
       " [345, 828, 897.0],\n",
       " [675, 360, 765.0],\n",
       " [84, 35, 91.0],\n",
       " [225, 924, 951.0],\n",
       " [85, 204, 221.0],\n",
       " [528, 154, 550.0],\n",
       " [660, 275, 715.0],\n",
       " [576, 660, 876.0],\n",
       " [28, 96, 100.0],\n",
       " [471, 628, 785.0],\n",
       " [123, 836, 845.0],\n",
       " [536, 402, 670.0],\n",
       " [684, 37, 685.0],\n",
       " [165, 532, 557.0],\n",
       " [504, 672, 840.0],\n",
       " [235, 564, 611.0],\n",
       " [400, 561, 689.0],\n",
       " [280, 450, 530.0],\n",
       " [231, 392, 455.0],\n",
       " [300, 315, 435.0],\n",
       " [411, 548, 685.0],\n",
       " [816, 675, 1059.0],\n",
       " [285, 68, 293.0],\n",
       " [33, 44, 55.0],\n",
       " [561, 400, 689.0],\n",
       " [154, 528, 550.0],\n",
       " [160, 36, 164.0],\n",
       " [432, 51, 435.0],\n",
       " [336, 748, 820.0],\n",
       " [369, 492, 615.0],\n",
       " [209, 120, 241.0],\n",
       " [585, 928, 1097.0],\n",
       " [140, 147, 203.0],\n",
       " [340, 189, 389.0],\n",
       " [240, 54, 246.0],\n",
       " [207, 224, 305.0],\n",
       " [705, 992, 1217.0],\n",
       " [840, 448, 952.0],\n",
       " [115, 276, 299.0],\n",
       " [420, 513, 663.0],\n",
       " [744, 817, 1105.0],\n",
       " [380, 912, 988.0],\n",
       " [620, 465, 775.0],\n",
       " [144, 640, 656.0],\n",
       " [836, 123, 845.0],\n",
       " [480, 200, 520.0],\n",
       " [352, 135, 377.0],\n",
       " [616, 735, 959.0],\n",
       " [117, 756, 765.0],\n",
       " [102, 280, 298.0],\n",
       " [600, 630, 870.0],\n",
       " [576, 432, 720.0],\n",
       " [756, 315, 819.0],\n",
       " [5, 12, 13.0],\n",
       " [552, 230, 598.0],\n",
       " [760, 570, 950.0],\n",
       " [612, 759, 975.0],\n",
       " [717, 956, 1195.0],\n",
       " [240, 782, 818.0],\n",
       " [280, 960, 1000.0],\n",
       " [735, 392, 833.0],\n",
       " [944, 708, 1180.0],\n",
       " [760, 39, 761.0],\n",
       " [416, 210, 466.0],\n",
       " [390, 800, 890.0],\n",
       " [344, 645, 731.0],\n",
       " [693, 140, 707.0],\n",
       " [24, 7, 25.0],\n",
       " [105, 56, 119.0],\n",
       " [25, 312, 313.0],\n",
       " [144, 130, 194.0],\n",
       " [744, 992, 1240.0],\n",
       " [99, 168, 195.0],\n",
       " [224, 768, 800.0],\n",
       " [56, 105, 119.0],\n",
       " [657, 876, 1095.0],\n",
       " [279, 372, 465.0],\n",
       " [693, 324, 765.0],\n",
       " [60, 63, 87.0],\n",
       " [150, 360, 390.0],\n",
       " [462, 784, 910.0],\n",
       " [273, 560, 623.0],\n",
       " [441, 112, 455.0],\n",
       " [880, 660, 1100.0],\n",
       " [63, 16, 65.0],\n",
       " [400, 90, 410.0],\n",
       " [576, 168, 600.0],\n",
       " [45, 60, 75.0],\n",
       " [428, 321, 535.0],\n",
       " [920, 858, 1258.0],\n",
       " [936, 390, 1014.0],\n",
       " [903, 860, 1247.0],\n",
       " [128, 240, 272.0],\n",
       " [700, 855, 1105.0],\n",
       " [464, 777, 905.0],\n",
       " [480, 728, 872.0],\n",
       " [520, 231, 569.0],\n",
       " [675, 816, 1059.0],\n",
       " [704, 528, 880.0],\n",
       " [32, 60, 68.0],\n",
       " [78, 160, 178.0],\n",
       " [891, 912, 1275.0],\n",
       " [756, 117, 765.0],\n",
       " [888, 666, 1110.0],\n",
       " [567, 144, 585.0],\n",
       " [627, 836, 1045.0],\n",
       " [880, 768, 1168.0],\n",
       " [640, 672, 928.0],\n",
       " [447, 596, 745.0],\n",
       " [800, 180, 820.0],\n",
       " [480, 900, 1020.0],\n",
       " [945, 588, 1113.0],\n",
       " [68, 576, 580.0],\n",
       " [177, 236, 295.0],\n",
       " [704, 228, 740.0],\n",
       " [880, 198, 902.0],\n",
       " [72, 210, 222.0],\n",
       " [280, 102, 298.0],\n",
       " [844, 633, 1055.0],\n",
       " [456, 133, 475.0],\n",
       " [180, 299, 349.0],\n",
       " [495, 100, 505.0],\n",
       " [702, 264, 750.0],\n",
       " [595, 468, 757.0],\n",
       " [168, 490, 518.0],\n",
       " [832, 174, 850.0],\n",
       " [847, 396, 935.0],\n",
       " [936, 798, 1230.0],\n",
       " [180, 75, 195.0],\n",
       " [393, 524, 655.0],\n",
       " [975, 684, 1191.0],\n",
       " [936, 352, 1000.0],\n",
       " [70, 240, 250.0],\n",
       " [420, 637, 763.0],\n",
       " [918, 624, 1110.0],\n",
       " [153, 420, 447.0],\n",
       " [252, 105, 273.0],\n",
       " [900, 301, 949.0],\n",
       " [900, 560, 1060.0],\n",
       " [576, 520, 776.0],\n",
       " [624, 50, 626.0],\n",
       " [828, 345, 897.0],\n",
       " [270, 648, 702.0],\n",
       " [630, 528, 822.0],\n",
       " [792, 406, 890.0],\n",
       " [572, 96, 580.0],\n",
       " [880, 558, 1042.0],\n",
       " [114, 352, 370.0],\n",
       " [555, 572, 797.0],\n",
       " [387, 516, 645.0],\n",
       " [87, 416, 425.0],\n",
       " [288, 540, 612.0],\n",
       " [42, 440, 442.0],\n",
       " [512, 960, 1088.0],\n",
       " [560, 684, 884.0],\n",
       " [192, 360, 408.0],\n",
       " [588, 91, 595.0],\n",
       " [224, 882, 910.0],\n",
       " [308, 495, 583.0],\n",
       " [519, 692, 865.0],\n",
       " [429, 460, 629.0],\n",
       " [390, 208, 442.0],\n",
       " [630, 336, 714.0],\n",
       " [328, 246, 410.0],\n",
       " [105, 208, 233.0],\n",
       " [832, 624, 1040.0],\n",
       " [432, 576, 720.0],\n",
       " [403, 396, 565.0],\n",
       " [455, 156, 481.0],\n",
       " [512, 384, 640.0],\n",
       " [88, 234, 250.0],\n",
       " [104, 153, 185.0],\n",
       " [460, 429, 629.0],\n",
       " [231, 160, 281.0],\n",
       " [735, 980, 1225.0],\n",
       " [800, 390, 890.0],\n",
       " [672, 104, 680.0],\n",
       " [696, 522, 870.0],\n",
       " [390, 520, 650.0],\n",
       " [612, 35, 613.0],\n",
       " [700, 240, 740.0],\n",
       " [972, 729, 1215.0],\n",
       " [480, 108, 492.0],\n",
       " [652, 489, 815.0],\n",
       " [385, 132, 407.0],\n",
       " [560, 126, 574.0],\n",
       " [432, 180, 468.0],\n",
       " [276, 115, 299.0],\n",
       " [204, 595, 629.0],\n",
       " [285, 152, 323.0],\n",
       " [390, 936, 1014.0],\n",
       " [72, 30, 78.0],\n",
       " [273, 936, 975.0],\n",
       " [572, 429, 715.0],\n",
       " [300, 875, 925.0],\n",
       " [648, 270, 702.0],\n",
       " [861, 820, 1189.0],\n",
       " [756, 567, 945.0],\n",
       " [120, 90, 150.0],\n",
       " [62, 960, 962.0],\n",
       " [756, 720, 1044.0],\n",
       " [741, 580, 941.0],\n",
       " [168, 95, 193.0],\n",
       " [480, 322, 578.0],\n",
       " [756, 533, 925.0],\n",
       " [190, 456, 494.0],\n",
       " [255, 340, 425.0],\n",
       " [448, 60, 452.0],\n",
       " [13, 84, 85.0],\n",
       " [396, 255, 471.0],\n",
       " [60, 221, 229.0],\n",
       " [203, 696, 725.0],\n",
       " [391, 120, 409.0],\n",
       " [448, 720, 848.0],\n",
       " [1000, 225, 1025.0],\n",
       " [456, 342, 570.0],\n",
       " [432, 924, 1020.0],\n",
       " [525, 180, 555.0],\n",
       " [640, 480, 800.0],\n",
       " [945, 900, 1305.0],\n",
       " [824, 618, 1030.0],\n",
       " [300, 400, 500.0],\n",
       " [840, 800, 1160.0],\n",
       " [341, 420, 541.0],\n",
       " [792, 715, 1067.0],\n",
       " [100, 495, 505.0],\n",
       " [144, 42, 150.0],\n",
       " [816, 290, 866.0],\n",
       " [7, 24, 25.0],\n",
       " [120, 209, 241.0],\n",
       " [450, 240, 510.0],\n",
       " [153, 204, 255.0],\n",
       " [780, 585, 975.0],\n",
       " [473, 864, 985.0],\n",
       " [960, 644, 1156.0],\n",
       " [33, 56, 65.0],\n",
       " [600, 910, 1090.0],\n",
       " [140, 51, 149.0],\n",
       " [544, 33, 545.0],\n",
       " [672, 640, 928.0],\n",
       " [64, 48, 80.0],\n",
       " [380, 285, 475.0],\n",
       " [310, 744, 806.0],\n",
       " [510, 680, 850.0],\n",
       " [60, 80, 100.0],\n",
       " [960, 280, 1000.0],\n",
       " [20, 15, 25.0],\n",
       " [165, 280, 325.0],\n",
       " [640, 312, 712.0],\n",
       " [80, 315, 325.0],\n",
       " [204, 153, 255.0],\n",
       " [276, 368, 460.0],\n",
       " [642, 856, 1070.0],\n",
       " [245, 840, 875.0],\n",
       " [6, 8, 10.0],\n",
       " [924, 225, 951.0],\n",
       " [708, 295, 767.0],\n",
       " [160, 78, 178.0],\n",
       " [920, 129, 929.0],\n",
       " [348, 145, 377.0],\n",
       " [609, 200, 641.0],\n",
       " [837, 116, 845.0],\n",
       " [840, 833, 1183.0],\n",
       " [940, 987, 1363.0],\n",
       " [264, 198, 330.0],\n",
       " [864, 648, 1080.0],\n",
       " [605, 528, 803.0],\n",
       " [168, 425, 457.0],\n",
       " [24, 45, 51.0],\n",
       " [155, 372, 403.0],\n",
       " [408, 544, 680.0],\n",
       " [14, 48, 50.0],\n",
       " [527, 336, 625.0],\n",
       " [325, 360, 485.0],\n",
       " [321, 428, 535.0],\n",
       " [180, 385, 425.0],\n",
       " [120, 126, 174.0],\n",
       " [455, 300, 545.0],\n",
       " [908, 681, 1135.0],\n",
       " [112, 780, 788.0],\n",
       " [546, 272, 610.0],\n",
       " [308, 75, 317.0],\n",
       " [80, 192, 208.0],\n",
       " [540, 720, 900.0],\n",
       " [144, 17, 145.0],\n",
       " [663, 180, 687.0],\n",
       " [55, 300, 305.0],\n",
       " [508, 381, 635.0],\n",
       " [205, 828, 853.0],\n",
       " [594, 608, 850.0],\n",
       " [756, 345, 831.0],\n",
       " [270, 144, 306.0],\n",
       " [453, 604, 755.0],\n",
       " [56, 42, 70.0],\n",
       " [990, 616, 1166.0],\n",
       " [140, 480, 500.0],\n",
       " [495, 840, 975.0],\n",
       " [306, 408, 510.0],\n",
       " [984, 738, 1230.0],\n",
       " [12, 9, 15.0],\n",
       " [975, 520, 1105.0],\n",
       " [504, 945, 1071.0],\n",
       " [196, 147, 245.0],\n",
       " ...]"
      ]
     },
     "execution_count": 33,
     "metadata": {},
     "output_type": "execute_result"
    }
   ],
   "source": [
    "triplets"
   ]
  },
  {
   "cell_type": "code",
   "execution_count": 28,
   "id": "a49d6cfb",
   "metadata": {},
   "outputs": [
    {
     "data": {
      "text/plain": [
       "672400"
      ]
     },
     "execution_count": 28,
     "metadata": {},
     "output_type": "execute_result"
    }
   ],
   "source": [
    "656**2 + 492**2 "
   ]
  },
  {
   "cell_type": "code",
   "execution_count": null,
   "id": "3118f458",
   "metadata": {},
   "outputs": [],
   "source": []
  }
 ],
 "metadata": {
  "kernelspec": {
   "display_name": "Python 3 (ipykernel)",
   "language": "python",
   "name": "python3"
  },
  "language_info": {
   "codemirror_mode": {
    "name": "ipython",
    "version": 3
   },
   "file_extension": ".py",
   "mimetype": "text/x-python",
   "name": "python",
   "nbconvert_exporter": "python",
   "pygments_lexer": "ipython3",
   "version": "3.10.8"
  }
 },
 "nbformat": 4,
 "nbformat_minor": 5
}
