[[943, 576, 1105.0], [96, 247, 265.0], [117, 44, 125.0], [989, 660, 1189.0], [608, 105, 617.0], [525, 92, 533.0], [20, 21, 29.0], [380, 261, 461.0], [152, 345, 377.0], [4, 3, 5.0], [203, 396, 445.0], [323, 36, 325.0], [40, 399, 401.0], [620, 861, 1061.0], [93, 476, 485.0], [532, 165, 557.0], [153, 104, 185.0], [975, 448, 1073.0], [273, 736, 785.0], [945, 248, 977.0], [156, 667, 685.0], [3, 4, 5.0], [24, 143, 145.0], [100, 621, 629.0], [351, 280, 449.0], [621, 100, 629.0], [65, 72, 97.0], [44, 483, 485.0], [76, 357, 365.0], [368, 465, 593.0], [105, 88, 137.0], [184, 513, 545.0], [252, 275, 373.0], [315, 988, 1037.0], [27, 364, 365.0], [279, 440, 521.0], [31, 480, 481.0], [20, 99, 101.0], [476, 93, 485.0], [660, 989, 1189.0], [372, 925, 997.0], [8, 15, 17.0], [333, 644, 725.0], [987, 884, 1325.0], [48, 575, 577.0], [600, 481, 769.0], [315, 572, 653.0], [385, 552, 673.0], [273, 136, 305.0], [644, 333, 725.0], [161, 240, 289.0], [700, 429, 821.0], [377, 336, 505.0], [84, 437, 445.0], [396, 403, 565.0], [960, 799, 1249.0], [580, 741, 941.0], [832, 855, 1193.0], [748, 195, 773.0], [200, 609, 641.0], [88, 105, 137.0], [84, 13, 85.0], [264, 23, 265.0], [9, 40, 41.0], [280, 759, 809.0], [408, 145, 433.0], [312, 25, 313.0], [576, 943, 1105.0], [667, 156, 685.0], [288, 175, 337.0], [495, 952, 1073.0], [160, 231, 281.0], [697, 696, 985.0], [28, 195, 197.0], [924, 43, 925.0], [260, 651, 701.0], [189, 340, 389.0], [780, 731, 1069.0], [651, 260, 701.0], [105, 608, 617.0], [217, 456, 505.0], [456, 217, 505.0], [143, 24, 145.0], [364, 27, 365.0], [60, 11, 61.0], [232, 825, 857.0], [759, 280, 809.0], [336, 377, 505.0], [276, 493, 565.0], [615, 728, 953.0], [736, 273, 785.0], [779, 660, 1021.0], [451, 780, 901.0], [108, 725, 733.0], [493, 276, 565.0], [425, 168, 457.0], [864, 473, 985.0], [468, 595, 757.0], [696, 697, 985.0], [216, 713, 745.0], [260, 69, 269.0], [220, 459, 509.0], [36, 323, 325.0], [396, 203, 445.0], [817, 744, 1105.0], [21, 220, 221.0], [32, 255, 257.0], [496, 897, 1025.0], [287, 816, 865.0], [299, 180, 349.0], [21, 20, 29.0], [308, 435, 533.0], [112, 15, 113.0], [645, 812, 1037.0], [224, 207, 305.0], [48, 55, 73.0], [357, 76, 365.0], [252, 115, 277.0], [345, 152, 377.0], [572, 555, 797.0], [123, 836, 845.0], [684, 37, 685.0], [165, 532, 557.0], [400, 561, 689.0], [285, 68, 293.0], [561, 400, 689.0], [209, 120, 241.0], [585, 928, 1097.0], [340, 189, 389.0], [207, 224, 305.0], [705, 992, 1217.0], [744, 817, 1105.0], [836, 123, 845.0], [352, 135, 377.0], [5, 12, 13.0], [760, 39, 761.0], [24, 7, 25.0], [25, 312, 313.0], [63, 16, 65.0], [464, 777, 905.0], [520, 231, 569.0], [180, 299, 349.0], [595, 468, 757.0], [900, 301, 949.0], [555, 572, 797.0], [87, 416, 425.0], [429, 460, 629.0], [105, 208, 233.0], [403, 396, 565.0], [104, 153, 185.0], [460, 429, 629.0], [231, 160, 281.0], [612, 35, 613.0], [741, 580, 941.0], [168, 95, 193.0], [756, 533, 925.0], [13, 84, 85.0], [60, 221, 229.0], [391, 120, 409.0], [341, 420, 541.0], [7, 24, 25.0], [120, 209, 241.0], [473, 864, 985.0], [33, 56, 65.0], [140, 51, 149.0], [544, 33, 545.0], [920, 129, 929.0], [609, 200, 641.0], [837, 116, 845.0], [168, 425, 457.0], [527, 336, 625.0], [308, 75, 317.0], [144, 17, 145.0], [205, 828, 853.0], [988, 315, 1037.0], [75, 308, 317.0], [60, 899, 901.0], [420, 29, 421.0], [928, 585, 1097.0], [816, 287, 865.0], [589, 300, 661.0], [180, 19, 181.0], [924, 893, 1285.0], [704, 903, 1145.0], [43, 924, 925.0], [56, 783, 785.0], [483, 44, 485.0], [528, 455, 697.0], [221, 60, 229.0], [799, 960, 1249.0], [552, 385, 673.0], [533, 756, 925.0], [999, 320, 1049.0], [17, 144, 145.0], [91, 60, 109.0], [115, 252, 277.0], [304, 297, 425.0], [136, 273, 305.0], [504, 703, 865.0], [15, 8, 17.0], [240, 161, 289.0], [120, 119, 169.0], [99, 20, 101.0], [713, 216, 745.0], [429, 700, 821.0], [775, 168, 793.0], [40, 9, 41.0], [95, 168, 193.0], [884, 987, 1325.0], [37, 684, 685.0], [55, 48, 73.0], [572, 315, 653.0], [84, 187, 205.0], [16, 63, 65.0], [903, 704, 1145.0], [80, 39, 89.0], [440, 279, 521.0], [220, 21, 221.0], [208, 105, 233.0], [665, 432, 793.0], [119, 120, 169.0], [320, 999, 1049.0], [259, 660, 709.0], [44, 117, 125.0], [360, 319, 481.0], [475, 132, 493.0], [731, 780, 1069.0], [629, 540, 829.0], [129, 920, 929.0], [325, 228, 397.0], [85, 132, 157.0], [616, 663, 905.0], [19, 180, 181.0], [992, 705, 1217.0], [140, 171, 221.0], [171, 140, 221.0], [33, 544, 545.0], [135, 352, 377.0], [301, 900, 949.0], [231, 520, 569.0], [195, 748, 773.0], [540, 629, 829.0], [156, 133, 205.0], [459, 220, 509.0], [176, 57, 185.0], [455, 528, 697.0], [703, 504, 865.0], [155, 468, 493.0], [185, 672, 697.0], [420, 851, 949.0], [480, 31, 481.0], [248, 945, 977.0], [855, 832, 1193.0], [448, 975, 1073.0], [116, 837, 845.0], [255, 32, 257.0], [124, 957, 965.0], [369, 800, 881.0], [247, 96, 265.0], [12, 5, 13.0], [225, 272, 353.0], [165, 52, 173.0], [253, 204, 325.0], [435, 308, 533.0], [77, 36, 85.0], [680, 111, 689.0], [168, 775, 793.0], [272, 225, 353.0], [261, 380, 461.0], [624, 407, 745.0], [437, 84, 445.0], [56, 33, 65.0], [952, 495, 1073.0], [884, 387, 965.0], [777, 464, 905.0], [407, 624, 745.0], [575, 48, 577.0], [893, 924, 1285.0], [60, 91, 109.0], [925, 372, 997.0], [52, 675, 677.0], [728, 615, 953.0], [899, 60, 901.0], [111, 680, 689.0], [187, 84, 205.0], [765, 868, 1157.0], [336, 527, 625.0], [675, 52, 677.0], [240, 551, 601.0], [41, 840, 841.0], [29, 420, 421.0], [195, 28, 197.0], [145, 408, 433.0], [627, 364, 725.0], [51, 140, 149.0], [280, 351, 449.0], [780, 451, 901.0], [45, 28, 53.0], [300, 589, 661.0], [481, 600, 769.0], [204, 253, 325.0], [297, 304, 425.0], [36, 77, 85.0], [175, 288, 337.0], [348, 805, 877.0], [465, 368, 593.0], [72, 65, 97.0], [132, 475, 493.0], [725, 108, 733.0], [957, 124, 965.0], [68, 285, 293.0], [120, 391, 409.0], [420, 341, 541.0], [868, 765, 1157.0], [133, 156, 205.0], [672, 185, 697.0], [897, 496, 1025.0], [468, 155, 493.0], [52, 165, 173.0], [551, 240, 601.0], [364, 627, 725.0], [825, 232, 857.0], [660, 779, 1021.0], [39, 760, 761.0], [783, 56, 785.0], [828, 205, 853.0], [432, 665, 793.0], [28, 45, 53.0], [11, 60, 61.0], [69, 260, 269.0], [39, 80, 89.0], [132, 85, 157.0], [805, 348, 877.0], [15, 112, 113.0], [57, 176, 185.0], [663, 616, 905.0], [559, 840, 1009.0], [35, 612, 613.0], [215, 912, 937.0], [35, 12, 37.0], [851, 420, 949.0], [812, 645, 1037.0], [912, 215, 937.0], [387, 884, 965.0], [861, 620, 1061.0], [12, 35, 37.0], [319, 360, 481.0], [23, 264, 265.0], [660, 259, 709.0], [416, 87, 425.0], [840, 41, 841.0], [228, 325, 397.0], [275, 252, 373.0], [399, 40, 401.0], [800, 369, 881.0], [92, 525, 533.0], [513, 184, 545.0], [840, 559, 1009.0]]